4.0145721435547
0.10760188102722
0.093064069747925
0.14217710494995
0.10094714164734
0.094830989837646
0.095995187759399
0.08710503578186
0.09040904045105
0.090924978256226
0.091499090194702
0.12529492378235
0.26758289337158
1.2764229774475
0.17843413352966
0.34709692001343
1.8457260131836
0.13758111000061
0.099112033843994
4.0009660720825
4.001396894455
4.000659942627
4.0028519630432
4.0008828639984
4.0012180805206
4.0018408298492
4.0031490325928
3.938257932663
4.0020701885223
4.0028820037842
3.597941160202
4.001699924469
3.9108860492706
